
texpatts[0]="0 0,0 8,1 9,3 8,3 6,3 4,3 1,3 -1,1 -2";
texpatts[1]="0 0,0 2,0 4,0 6,0 8,0 10,1 0,1 5,1 10";
texpatts[2]="0 0,0 1,0 2,2 -1,3 0,3 2,3 4,2 5,0 8,0 10,1 10,3 10";
texpatts[3]="0 0,0 1,3 -1,4 0,4 1,2 4,4 6,4 9,3 10,0 9";
texpatts[4]="0 0,1 -2,1 0,1 2,1 4,1 5,1 7,1 8,0 5";
texpatts[5]="0 0,1 1,4 0,4 -1,5 -2,5 -3,4 -4,3 -5,1 -10,2 -10,3 -10,4 -10";
texpatts[6]="0 0,0 2,0 4,0 5,1 7,2 8,4 7,4 5,4 3,4 2,3 2,4 -1,4 -2,2 -3,1 -2,1 -1";
texpatts[7]="0 0,1 -2,2 -2,3 -2,4 -2,5 -2,4 -1,3 3,3 4,2 5,2 6,2 7,2 8,2 9";
texpatts[8]="0 0,0 1,1 -2,3 -2,4 0,4 1,2 3,3 3,0 6,0 7,0 8,4 6,4 7,4 8,3 9,1 9,1 3";
texpatts[9]="0 0,0 2,0 4,1 5,1 -1,3 0,3 3,3 4,3 8,3 9,1 10,0 9,0 8";