숫자0 /==/ 18 498 6 11 / 4 0,1 0,0 1,0 5,0 9,1 10,4 10,5 9,5 5,5 1
숫자1 /==/ 18 498 2 11 / 1 0,0 1,1 1,1 5,1 10
숫자2 /==/ 18 498 6 11 / 0 2,1 0,4 0,5 1,5 3,3 5,0 8,0 10,5 10
숫자3 /==/ 18 498 6 11 / 0 2,1 0,4 0,5 1,5 3,2 4,4 4,5 5,5 9,4 10,1 10,0 8
숫자4 /==/ 18 498 6 11 / 3 1,2 4,0 7,2 8,5 8,4 0,4 6,4 10
숫자5 /==/ 18 498 6 11 / 5 0,1 0,0 1,0 4,0 9,1 10,4 10,5 9,5 5,4 4,1 4,4 0
숫자6 /==/ 18 498 6 11 / 5 1,4 0,1 0,0 1,0 4,0 9,1 10,4 10,5 9,5 5,4 4,1 4
숫자7 /==/ 18 498 6 11 / 0 0,3 0,5 0,5 1,4 3,3 5,2 7,2 10
숫자8 /==/ 18 498 6 11 / 4 0,1 0,0 1,0 4,1 5,4 5,5 6,5 9,3 10,1 10,0 9,0 6,3 5,5 4,5 1
숫자9 /==/ 18 498 6 11 / 4 6,1 6,0 5,0 3,0 1,1 0,4 0,5 1,5 4,5 6,5 9,4 10,1 10,0 9
