# 항구 
도시이름테두리 /==/ 625 348 176 32 / 1 1,1 30,174 30,174 1 / 93 102 137,94 102 136,94 103 135,92 101 135
리스본 /==/ 625 348 176 32 / 9 10,14 10,15 13,12 15,9 17,11 20,15 20,19 10,19 20,23 14,31 11,31 20,47 10,47 14,47 19,47 21 / 255 255 255,255 255 255,255 255 255,255 255 255,255 255 255,255 255 255,255 255 255,255 255 255,255 255 255,20 21 56,255 255 255,255 255 255,255 255 255,255 255 255,15 17 44,255 255 255
비아나두 /==/ 625 348 176 32 / 1 1,1 30,174 30,174 1,9 14,31 14,51 14,63 13,79 14,83 14,97 14,113 11,127 11 / 93 102 137,94 102 136,94 103 135,92 101 135,255 255 255,255 255 255,255 255 255,255 255 255,255 255 255,255 255 255,255 255 255,255 255 255,255 255 255
포르투 /==/ 625 348 176 32 / 10 10,19 10,12 13,17 13,11 15,15 15,19 15,15 18,10 20,19 20,31 13,52 17 / 255 255 255,255 255 255,255 255 255,255 255 255,255 255 255,255 255 255,255 255 255,255 255 255,255 255 255,255 255 255,255 255 255,255 255 255
사그레스 /==/ 625 348 176 32 / 13 11,9 20,16 20,21 14,26 10,51 21,63 10 / 255 255 255,255 255 255,255 255 255,255 255 255,255 255 255,255 255 255,255 255 255
세비야 /==/ 625 348 176 32 / 12 11,10 18,14 20,17 21,35 21,51 21 / 255 255 255,255 255 255,255 255 255,255 255 255,255 255 255,255 255 255
말라가 /==/ 625 348 176 32 / 9 9,9 14,15 9,15 14,19 12,15 16,15 21,37 14,53 14 / 255 255 255,255 255 255,255 255 255,255 255 255,255 255 255,255 255 255,255 255 255,255 255 255,255 255 255
에딘버러 /==/ 625 348 176 32 / 11 10,19 21,35 18,47 11,67 21 / 255 255 255,255 255 255,255 255 255,255 255 255,255 255 255
바르셀로나 /==/ 625 348 176 32 / 9 10,15 10,12 14,11 20,13 20,21 14,30 20,48 9,67 12,85 14 / 255 255 255,255 255 255,255 255 255,255 255 255,255 255 255,255 255 255,255 255 255,255 255 255,255 255 255,255 255 255
플리머스 /==/ 625 348 176 32 / 10 9,19 9,15 12,11 15,16 17,15 19,15 21,33 20,51 9,63 10,68 20 / 255 255 255,255 255 255,255 255 255,255 255 255,255 255 255,255 255 255,255 255 255,255 255 255,255 255 255,255 255 255,255 255 255
빌바오 /==/ 625 348 176 32 / 9 9,15 9,12 14,19 11,14 17,16 19,19 21,29 14,37 14,47 10,47 17,47 20,50 20 / 255 255 255,255 255 255,255 255 255,255 255 255,255 255 255,255 255 255,255 255 255,255 255 255,255 255 255,255 255 255,255 255 255,255 255 255,255 255 255
벵가지 /==/ 625 348 176 32 / 9 9,19 20,25 20,35 9,42 10,51 21 / 255 255 255,255 255 255,255 255 255,255 255 255,255 255 255,255 255 255

보스턴 /==/ 625 348 176 32 / 10 10,19 10,12 12,17 12,10 15,19 15,13 16,17 16,15 18,10 20,19 20,31 12,36 20,46 12,51 21 / 255 255 255,255 255 255,255 255 255,255 255 255,255 255 255,255 255 255,255 255 255,255 255 255,255 255 255,255 255 255,255 255 255,255 255 255,255 255 255,255 255 255,255 255 255
코토르 /==/ 625 348 176 32 / 10 10,18 10,19 11,19 17,18 18,11 14,16 14,14 16,10 20,19 20,28 10,35 13,31 20,35 20,46 10,46 13,46 16,46 20 / 255 255 255,255 255 255,255 255 255,255 255 255,255 255 255,255 255 255,255 255 255,255 255 255,255 255 255,255 255 255,255 255 255,255 255 255,255 255 255,255 255 255,255 255 255,255 255 255,255 255 255,255 255 255
페르남부쿠 /==/ 625 348 176 32 / 9 10,14 10,9 20,14 20,19 21,35 11,53 12,63 21,84 15 / 255 255 255,255 255 255,255 255 255,255 255 255,255 255 255,255 255 255,255 255 255,255 255 255,255 255 255
상트 /==/ 625 348 176 32 / 13 9,21 12,26 11,35 13,49 10,54 20,66 10,70 20,82 10,92 20 / 255 255 255,255 255 255,255 255 255,255 255 255,255 255 255,255 255 255,255 255 255,255 255 255,255 255 255,255 255 255
암스테르담 /==/ 625 348 176 32 / 10 18,26 15,46 14,67 16,85 12 / 255 255 255,255 255 255,255 255 255,255 255 255,255 255 255
스톡홀름 /==/ 625 348 176 32 / 15 10,20 20,26 10,35 21,47 9,51 18,67 10,68 16,67 21 / 255 255 255,255 255 255,255 255 255,255 255 255,255 255 255,255 255 255,255 255 255,255 255 255,255 255 255
그로닝겐 /==/ 625 348 176 32 / 10 10,20 20,25 20,34 10,41 9,51 20,59 21,67 9 / 255 255 255,255 255 255,255 255 255,255 255 255,255 255 255,255 255 255,255 255 255,255 255 255
앤트워프 /==/ 625 348 176 32 / 10 9,19 21,27 10,36 20,43 9,44 20,48 18,58 10,68 20 / 255 255 255,255 255 255,255 255 255,255 255 255,255 255 255,255 255 255,255 255 255,255 255 255,255 255 255
로테르담 /==/ 625 348 176 32 / 10 10,20 20,26 10,30 14,35 21,42 10,51 16,52 20,58 9,67 21,69 12 / 255 255 255,255 255 255,255 255 255,255 255 255,255 255 255,255 255 255,255 255 255,255 255 255,255 255 255,255 255 255,255 255 255
뤼베크 /==/ 625 348 176 32 / 10 10,12 20,28 20,31 14,35 21,42 14,50 18,52 20 / 255 255 255,255 255 255,255 255 255,255 255 255,255 255 255,255 255 255,255 255 255,255 255 255

런던 /==/ 625 348 176 32 / 9 9,14 9,12 12,9 14,13 16,10 19,15 21,16 12,19 9,19 13,19 18,25 12,32 12,26 19,35 21,41 14 / 255 255 255,255 255 255,255 255 255,255 255 255,255 255 255,255 255 255,255 255 255,255 255 255,255 255 255,255 255 255,255 255 255,255 255 255,255 255 255,255 255 255,255 255 255,16 26 64
런던미녀 해상 /==/ 625 348 176 32 / 9 9,14 9,12 12,9 14,13 16,10 19,15 21,16 12,19 9,19 13,19 18,25 12,32 12,26 19,35 21,41 14 / 255 255 255,255 255 255,255 255 255,255 255 255,255 255 255,255 255 255,255 255 255,255 255 255,255 255 255,255 255 255,255 255 255,255 255 255,255 255 255,255 255 255,255 255 255,255 255 255
맨체스터 /==/ 625 348 176 32 / 9 9,19 21,26 10,35 21,47 10,52 20,58 10,65 14,67 21 / 255 255 255,255 255 255,255 255 255,255 255 255,255 255 255,255 255 255,255 255 255,255 255 255,255 255 255
칼레 /==/ 625 348 176 32 / 10 9,21 12,19 18,25 10,30 20,30 15,35 21 / 255 255 255,255 255 255,255 255 255,255 255 255,255 255 255,255 255 255,255 255 255
케이프타운 /==/ 625 348 176 32 / 9 10,19 21,27 10,35 21,42 10,52 20,58 10,67 21,75 9,83 21 / 255 255 255,255 255 255,255 255 255,255 255 255,255 255 255,255 255 255,255 255 255,255 255 255,255 255 255,255 255 255
캘리컷 /==/ 625 348 176 32 / 9 9,19 18,25 10,35 21,41 12,52 21,42 21 / 255 255 255,255 255 255,255 255 255,255 255 255,255 255 255,255 255 255,255 255 255

메리다 /==/ 625 348 176 32 / 9 10,15 14,19 21,25 10,33 20,42 10,48 20,53 14 / 255 255 255,255 255 255,255 255 255,255 255 255,255 255 255,255 255 255,255 255 255,255 255 255
트루히요 /==/ 625 348 176 32 / 11 10,20 20,26 9,36 17,43 10,51 21,60 10,68 20 / 255 255 255,255 255 255,255 255 255,255 255 255,255 255 255,255 255 255,255 255 255,255 255 255
마닐라 /==/ 625 348 176 32 / 9 10,21 14,25 9,35 18,41 10,53 14 / 255 255 255,255 255 255,255 255 255,255 255 255,255 255 255,255 255 255
자카르타 /==/ 625 348 176 32 / 10 10,16 20,25 20,42 14,58 10,62 15,69 14 / 255 255 255,255 255 255,255 255 255,255 255 255,255 255 255,255 255 255,255 255 255
브루나이 /==/ 625 348 176 32 / 10 10,20 20,26 9,31 21,41 10,53 14,58 11,62 19,67 21 / 255 255 255,255 255 255,255 255 255,255 255 255,255 255 255,255 255 255,255 255 255,255 255 255,255 255 255

에도 /==/ 625 348 176 32 / 10 10,14 14,19 21,26 11,35 15,31 17,36 20 / 255 255 255,255 255 255,255 255 255,255 255 255,255 255 255,255 255 255,255 255 255
안평 /==/ 625 348 176 32 / 11 9,14 14,21 13,10 18,19 21,27 14,29 14,32 10,35 16 / 255 255 255,255 255 255,255 255 255,255 255 255,255 255 255,255 255 255,255 255 255,255 255 255,255 255 255

리마 /==/ 625 348 176 32 / 9 10,14 15,10 20,17 20,19 21,19 9,25 10,31 20,35 9,35 21,37 14 / 255 255 255,255 255 255,255 255 255,255 255 255,255 255 255,255 255 255,255 255 255,255 255 255,255 255 255,255 255 255,255 255 255
하와이 /==/ 625 348 176 32 / 11 10,19 21,21 14,28 10,35 21,37 15,42 11,51 21 / 255 255 255,255 255 255,255 255 255,255 255 255,255 255 255,255 255 255,255 255 255,255 255 255
히바오아 /==/ 625 348 176 32 / 11 10,19 21,25 10,35 21,44 10,52 20,59 10,67 21 / 255 255 255,255 255 255,255 255 255,255 255 255,255 255 255,255 255 255,255 255 255,255 255 255
샌프란시스코 /==/ 625 348 176 32 / 12 9,19 21,26 10,36 20,61 10,67 21,90 10,98 18,100 20 / 255 255 255,255 255 255,255 255 255,255 255 255,255 255 255,255 255 255,255 255 255,255 255 255,255 255 255
파나마 /==/ 625 348 176 32 / 9 10,19 21,25 10,35 21,41 10,53 14,51 21 / 255 255 255,255 255 255,255 255 255,255 255 255,255 255 255,255 255 255,255 255 255
아카풀코 /==/ 625 348 176 32 / 11 10,19 21,25 20,37 14,42 9,51 17,58 10,66 18 / 255 255 255,255 255 255,255 255 255,255 255 255,255 255 255,255 255 255,255 255 255,255 255 255
리우데자네이루 /==/ 625 348 176 32 / 9 10,19 21,27 9,31 21,42 10,45 14,57 20,69 14,77 14,83 21,90 11,99 21,106 12,111 21 / 255 255 255,255 255 255,255 255 255,255 255 255,255 255 255,255 255 255,255 255 255,255 255 255,255 255 255,255 255 255,255 255 255,255 255 255,255 255 255,255 255 255
포르토벨로 /==/ 625 348 176 32 / 10 10,19 10,12 13,17 13,11 15,15 15,19 15,15 18,10 20,19 20,67 18,83 12 / 255 255 255,255 255 255,255 255 255,255 255 255,255 255 255,255 255 255,255 255 255,255 255 255,255 255 255,255 255 255,255 255 255,255 255 255
산토도밍고 /==/ 625 348 176 32 / 10 10,19 10,12 13,17 13,11 15,15 15,19 15,15 18,10 20,19 20,67 18,83 12 / 255 255 255,255 255 255,255 255 255,255 255 255,255 255 255,255 255 255,255 255 255,255 255 255,255 255 255,255 255 255,255 255 255,255 255 255
산티아고 /==/ 625 348 176 32 / 13 9,16 15,18 21,25 11,35 21,42 11,53 14,58 10,66 18 / 255 255 255,255 255 255,255 255 255,255 255 255,255 255 255,255 255 255,255 255 255,255 255 255,255 255 255
상륙지점 /==/ 625 348 176 32 / 13 9,19 20,26 9,35 21,42 10,51 21,58 9,67 21 / 255 255 255,255 255 255,255 255 255,255 255 255,255 255 255,255 255 255,255 255 255,255 255 255
상륙한다 /==/ 633 400 38 22 / 7 5,12 13,16 17,30 11 / 255 255 255,148 86 37,67 122 77,117 228 239

# 인물 
인물이름테두리 /==/ 625 348 176 32 / 2 2,173 2,173 29,2 29 / 67 78 116,71 75 111,59 65 102,68 77 116
도구점 주인 /==/ 625 348 176 32 / 12 10,18 10,15 15,12 20,17 20,35 12,51 14,76 14,91 13 / 255 255 255,255 255 255,255 255 255,255 255 255,255 255 255,255 255 255,255 255 255,255 255 255,255 255 255
학자 /==/ 626 349 174 30 / 11 8,9 10,15 10,12 12,9 14,12 15,14 14,11 17,16 17,18 20,20 11,36 13 / 255 255 255,255 255 255,255 255 255,255 255 255,255 255 255,255 255 255,255 255 255,255 255 255,255 255 255,255 255 255,255 255 255,255 255 255
교수 /==/ 626 349 174 30 / 9 9,17 9,18 10,17 17,11 14,15 14,8 19,13 19,19 19,30 8,25 13,35 13,24 16,35 16,30 16,30 20 / 255 255 255,255 255 255,255 255 255,255 255 255,255 255 255,255 255 255,255 255 255,255 255 255,255 255 255,255 255 255,255 255 255,255 255 255,255 255 255,255 255 255,255 255 255,255 255 255

교역소 주인 /==/ 625 348 176 32 / 11 10,16 10,19 13,12 17,16 17,10 20,19 20,28 9,28 15,33 10,33 13,30 18,35 20 / 255 255 255,255 255 255,255 255 255,255 255 255,255 255 255,255 255 255,255 255 255,255 255 255,255 255 255,255 255 255,255 255 255,255 255 255,255 255 255
교역소 도제 /==/ 625 348 176 32 / 10 10,17 10,12 17,16 17,12 20,17 20,19 13,28 12,28 15,25 12,31 12,28 18,31 18,35 20,35 15,35 10,33 13,33 10,28 9 / 255 255 255,255 255 255,255 255 255,255 255 255,255 255 255,255 255 255,255 255 255,34 37 71,255 255 255,255 255 255,255 255 255,255 255 255,255 255 255,255 255 255,255 255 255,255 255 255,255 255 255,255 255 255,255 255 255
상인 의뢰인 /==/ 625 348 176 32 / 13 10,12 12,10 14,15 13,19 10,19 16,20 12,12 18,16 18,12 21,16 21,10 20,19 20 / 255 255 255,255 255 255,255 255 255,255 255 255,255 255 255,255 255 255,255 255 255,255 255 255,255 255 255,255 255 255,255 255 255,255 255 255,255 255 255
보초 /==/ 625 348 176 32 / 10 10,15 16,20 20,25 20,31 14,33 10 / 255 255 255,255 255 255,255 255 255,255 255 255,255 255 255,255 255 255

아델리야 도시 /==/ 626 349 174 30 / 11 9,13 10,14 14,13 18,11 19,9 18,8 14,9 10,20 13,29 11,48 19,68 11,68 16 / 255 255 255,255 255 255,255 255 255,255 255 255,255 255 255,255 255 255,255 255 255,255 255 255,255 255 255,255 255 255,255 255 255,255 255 255,255 255 255
빼아뜨리체 도시 /==/ 626 349 174 30 / 8 9,9 13,9 19,12 9,13 13,13 19,16 8,17 13,18 20,78 14 / 255 255 255,255 255 255,255 255 255,255 255 255,255 255 255,255 255 255,255 255 255,255 255 255,255 255 255,255 255 255
라꾸땐시 도시 /==/ 626 349 174 30 / 8 9,20 13,25 8,30 20,41 8,50 17,60 9,66 20 / 255 255 255,255 255 255,255 255 255,255 255 255,255 255 255,255 255 255,255 255 255,255 255 255

# 서고 
들어가기 /==/ 633 376 38 22 / 7 5,14 6,19 15,31 11 / 255 255 255,99 163 216,179 180 169,106 227 239
서고 문 /==/ 625 348 176 32 / 13 11,13 14,11 18,9 20,15 18,16 20,16 15,19 9,19 21,19 15,25 16,30 16,35 16 / 255 255 255,255 255 255,255 255 255,255 255 255,255 255 255,255 255 255,255 255 255,255 255 255,255 255 255,255 255 255,36 40 71,255 255 255,255 255 255
출구 /==/ 625 348 176 32 / 13 9,16 9,19 11,10 13,10 11,14 11,18 13,11 15,19 15,15 16,11 17,18 17,15 19,13 21,18 21,31 9,31 15,31 21 / 255 255 255,255 255 255,255 255 255,255 255 255,255 255 255,255 255 255,255 255 255,255 255 255,255 255 255,255 255 255,255 255 255,255 255 255,255 255 255,255 255 255,255 255 255,255 255 255,255 255 255,255 255 255
행동력바 /==/ 49 141 102 6 / 0 0,0 5,101 0,101 5 / 0 13 76,0 13 76,0 13 76,17 28 81
퀵슬롯 좌버튼 /==/ 655 96 23 23 / 3 5,3 10,11 6,11 11,14 11,18 11,9 15,12 17 / 216 147 159,193 119 128,184 99 110,177 77 91,238 193 36,237 190 23,145 147 45,52 136 35
퀵슬롯 우버튼 /==/ 780 96 24 23 / 5 11,8 5,15 9,17 12,19 14 / 242 206 83,255 255 255,175 72 86,133 135 24,50 132 33

퀵슬롯 1번 /==/ 689 74 48 48 / 13 0 / 179 179 179
퀵슬롯 2번 /==/ 689 126 48 48 / 13 0 / 179 179 179
퀵슬롯 3번 /==/ 689 178 48 48 / 13 0 / 179 179 179
퀵슬롯 4번 /==/ 689 230 48 48 / 13 0 / 179 179 179
퀵슬롯 5번 /==/ 747 74 48 48 / 13 0 / 179 179 179
퀵슬롯 6번 /==/ 747 126 48 48 / 13 0 / 179 179 179
퀵슬롯 7번 /==/ 747 178 48 48 / 13 0 / 179 179 179
퀵슬롯 8번 /==/ 747 230 48 48 / 13 0 / 179 179 179

교수 연구 /==/ 633 376 38 22 / 7 5,12 11,14 15,18 12 / 255 255 255,163 160 117,25 74 133,115 113 112
학자 연구 /==/ 633 376 38 22 / 7 5,4 11,14 14,22 12,35 5 / 255 255 255,128 131 145,28 83 139,195 198 200,232 232 232
학자x연구 /==/ 673 376 38 22 / 7 5,4 11,14 14,22 12,35 5 / 255 255 255,139 142 156,28 83 139,195 198 200,232 232 232
직업 연구 /==/ 713 376 38 22 / 12 9,13 10,12 12,25 8,31 7 / 236 236 171,68 58 50,222 156 87,168 165 128,220 221 221
연구동 2번 /==/ 145 253 48 48 / 4 7,13 10,23 8,32 10,40 7,37 39,28 39,18 39 / 107 0 0,215 192 177,111 0 0,200 177 162,114 0 0,255 231 147,255 231 147,11 0 1
연구동 4번 /==/ 257 253 48 48 / 4 7,13 10,23 8,32 10,40 7,10 39,37 39 / 107 0 0,215 192 177,111 0 0,200 177 162,114 0 0,255 231 147,255 231 147
전공 1x1 /==/ 89 253 48 48 / 6 18,11 19,15 20,23 22,29 27,31 32,37 28 / 74 63 38,230 205 124,47 40 24,202 173 85,219 57 35,255 255 255,207 0 0
전공 2x1 /==/ 89 309 48 48 / 6 18,11 19,15 20,23 22,29 27,31 32,37 28 / 74 63 38,230 205 124,47 40 24,202 173 85,219 57 35,255 255 255,207 0 0
전공 해난사 /==/ 89 309 48 48 / 8 6,28 10,7 39,33 42,41 37,21 29,26 36 / 133 145 217,124 137 218,49 73 218,42 68 217,255 255 255,88 42 36,188 138 90
특별 연구동 /==/ 257 253 48 48 / 12 15,32 15,10 39,19 39,28 39,37 39 / 213 186 170,193 166 150,255 231 147,255 231 147,255 231 147,255 231 147
기본 생산기술1 /==/ 653 253 48 48 / 26 14,26 21,25 34,26 45,41 36 / 227 241 251,1 29 82,252 101 0,253 235 66,255 255 255
기본x생산기술1 /==/ 313 253 48 48 / 26 14,26 21,25 34,26 45,41 36 / 227 241 251,1 29 82,252 101 0,253 235 66,255 255 255
기본 생산기술3 /==/ 429 253 48 48 / 24 13,3 28,17 36,28 44,38 40,40 40,42 40 / 236 244 250,166 156 136,254 77 1,251 220 45,255 255 255,255 255 255,255 255 255
기본x생산기술3 /==/ 89 253 48 48 / 24 13,3 28,17 36,28 44,38 40,40 40,42 40 / 236 244 250,166 156 136,254 77 1,251 220 45,255 255 255,255 255 255,255 255 255
논문 테마 조타 a /==/ 429 253 48 48 / 14 14,23 22,29 27,31 32,42 40 / 237 213 131,202 173 85,219 57 35,255 255 255,255 255 255
논문 테마 조타 b /==/ 89 253 48 48 / 14 14,23 22,29 27,31 32,42 40 / 237 213 131,202 173 85,219 57 35,255 255 255,255 255 255
대학 대화 선택 /==/ 301 336 125 15 / 2 2,32 6,50 6,77 6,106 9,116 7 / 255 255 255,12 16 76,12 16 76,255 255 255,255 255 255,255 255 255

초급 연구동 학술 /==/ 89 253 52 52 / 12 13,24 11,36 13,13 31,37 31,39 41 / 157 191 204,157 119 93,130 156 166,234 109 125,201 83 99,255 231 147
조리사의 연구 1 /==/ 91 255 48 48 / 23 7,31 11,35 5,23 22,3 35,18 42,28 45,41 39 / 246 209 155,179 12 0,199 204 208,226 237 244,182 153 133,255 110 2,255 197 2,255 255 255
조리사의x연구 1 /==/ 89 253 48 48 / 23 7,31 11,35 5,23 22,3 35,18 42,28 45,41 39 / 246 209 155,179 12 0,199 204 208,226 237 244,182 153 133,255 110 2,255 197 2,255 255 255

버튼 다음 /==/ 601 439 68 20 / 6 4,10 7,15 8,20 8,25 8,26 9,36 3,36 5,36 7,36 14,36 12 / 255 255 255,195 212 222,174 197 210,171 194 208,0 0 0,41 46 49,50 51 53,196 214 223,47 51 53,172 195 209,41 46 49
버튼 확인 /==/ 601 439 68 20 / 6 4,12 8,21 8,23 8,28 8,31 9,40 3,40 8,40 12,41 16,48 8 / 255 255 255,175 196 209,183 203 215,183 203 215,33 36 38,21 22 24,0 0 0,175 196 209,51 57 62,41 46 49,43 48 51

도구점 매각 /==/ 673 376 38 22 / 7 5,20 3,23 3,18 10,20 15 / 247 247 248,193 187 55,166 155 48,210 206 163,127 56 23
도구점 매각 확인 /==/ 625 435 52 20 / 6 4,15 6,15 7,28 7,32 8,36 7,39 7 / 255 255 255,0 0 0,189 208 219,48 51 53,174 197 210,48 51 53,48 51 53
소유물품 목록 /==/ 553 140 105 15 / 7 3,15 6,22 5,30 5,42 6,47 5,55 7 / 255 255 255,35 39 54,255 255 255,35 39 54,255 255 255,37 41 56,255 255 255
보관함 /==/ 517 403 68 20 / 6 4,12 7,17 8,23 6,17 15,15 16,21 15,31 8,48 8,52 8 / 255 255 255,72 77 81,179 200 212,0 0 0,30 33 36,41 46 49,127 146 157,44 49 52,181 202 214,0 0 0
보관함 보충 /==/ 349 92 52 20 / 6 4,15 6,18 8,17 12,14 16,21 16,34 3,34 8,34 12 / 255 255 255,0 0 0,180 200 214,41 46 49,41 46 49,41 46 49,0 0 0,183 203 215,42 47 50
보관함 보충 확인 /==/ 597 446 52 20 / 6 4,16 6,14 8,16 13,32 7,28 7,36 7 / 255 255 255,0 0 0,183 203 215,44 48 51,189 208 219,48 51 53,48 51 53
교역소 구입 /==/ 633 376 38 22 / 8 10,12 10,10 12,10 7,13 4,20 11,26 11 / 227 222 65,229 221 49,229 221 49,226 222 94,219 212 73,153 128 113,194 149 119
교역소 매각 /==/ 673 376 38 22 / 8 11,15 11,18 7,20 7,23 5 / 162 131 108,202 161 133,216 209 53,213 203 36,195 187 39
진열품 /==/ 187 102 46 15 / 3 1,7 1,1 7,8 7,2 12,9 13,11 3,11 8,5 6,5 10,8 3 / 0 0 0,0 0 0,0 0 0,0 0 0,0 0 0,0 0 0,0 0 0,0 0 0,203 210 218,197 203 210,178 186 195
진열품 1번 /==/ 76 135 48 48 / 18 32 / 217 138 161
진열품 2번 /==/ 76 191 48 48 / 18 32 / 217 138 161
진열품 3번 /==/ 76 247 48 48 / 18 32 / 217 138 161
진열품 4번 /==/ 76 303 48 48 / 18 32 / 217 138 161

버튼 개인상점 /==/ 633 376 38 22 / 6 5,13 4,20 7,7 13,10 14,25 15,30 16 / 245 245 246,233 232 216,173 172 158,235 200 145,208 148 107,200 170 132,167 129 105
버튼 개인상점 구입 /==/ 583 435 52 20 / 6 4,11 8,15 8,19 8,24 8,28 8,32 8,36 8,37 12,40 8 / 255 255 255,177 199 212,173 196 209,176 198 209,177 199 212,21 22 23,177 199 212,0 0 0,43 47 49,43 47 49

스크롤바 상단 /==/ 339 128 14 14 / 6 2,3 4,7 7,10 10 / 151 163 170,255 255 255,0 0 0,156 184 195
스크롤바 하단 /==/ 339 344 14 14 / 2 2,7 5,7 11,12 6 / 245 247 247,0 0 0,99 126 143,205 229 230

아이템 사용 /==/ 484 323 23 23 / 7 5,6 8,8 11,10 14,13 16 / 255 255 255,190 132 77,60 58 37,192 94 38,195 193 151
아이템 사용 확인 /==/ 447 435 52 20 / 10 9 / 166 187 201
아이템 사용 Max /==/ 351 253 52 20 / 6 4,15 7,18 7,25 8,26 9,35 7,35 11 / 255 255 255,0 0 0,187 221 221,34 34 34,170 187 204,187 221 221,0 0 0
아이템 사용 OK /==/ 351 325 52 20 / 6 4,18 7,19 7,22 7,27 6,28 5,31 4,34 15 / 255 255 255,187 221 221,136 34 51,187 204 221,204 221 221,119 0 0,204 221 221,136 51 68
아이템 OK /==/ 351 325 52 20 / 6 4,12 8,19 8,22 9,25 9,27 9,29 8,33 14,33 4 / 255 255 255,175 197 210,124 0 15,165 188 203,124 0 15,175 197 210,137 41 55,124 0 15,127 13 27
구입 확인 /==/ 639 440 52 20 / 6 4,11 8,15 8,19 8,24 8,28 8,32 8,36 8,37 12,40 8 / 255 255 255,11 11 12,183 203 215,34 37 39,44 48 51,34 37 39,174 197 210,34 37 39,161 186 200,89 99 105

# 레시피
레시피 오픈 /==/ 129 105 26 20 / 2 3,7 6,15 9,21 9,10 18 / 54 83 115,52 86 121,210 217 225,213 219 227,58 77 109
레시피 1번 /==/ 137 137 48 48 / 1 0,1 47,1 46,1 1 / 179 179 179,179 179 179,3 4 2,32 57 31
레시피 2번 /==/ 137 193 48 48 / 1 0,1 47,1 46,1 1 / 179 179 179,179 179 179,3 4 2,32 57 31
레시피 3번 /==/ 137 249 48 48 / 1 0,1 47,1 46,1 1 / 179 179 179,179 179 179,3 4 2,32 57 31
레시피 4번 /==/ 137 305 48 48 / 1 0,1 47,1 46,1 1 / 179 179 179,179 179 179,3 4 2,32 57 31
레시피 5번 /==/ 137 361 48 48 / 1 0,1 47,1 46,1 1 / 179 179 179,179 179 179,3 4 2,32 57 31
레시피 사용 /==/ 366 215 62 20 / 37 3,37 6,37 9,37 12,37 15,37 5,37 8,37 11,37 14 / 0 0 0,0 0 0,0 0 0,0 0 0,0 0 0,178 181 190,202 206 215,209 212 222,187 190 199
버튼 확인 레시피 /==/ 569 435 52 20 / 6 4,12 8,21 8,23 8,28 8,31 9,40 3,40 8,40 12,41 16 / 255 255 255,144 164 178,182 202 214,22 23 25,34 37 39,160 184 197,97 105 110,89 99 105,78 90 98,161 185 200

# 교역소
횟수 지정 /==/ 441 391 38 22 / 7 5,11 8,13 11,17 15,21 16,24 6,28 11 / 255 255 255,200 190 177,137 126 116,74 71 88,199 149 87,219 208 194,215 174 127
횟수 Max /==/ 573 459 52 20 / 24 6,28 11,21 11,15 7,18 15,6 4 / 196 214 223,90 102 110,0 0 0,0 0 0,0 0 0,255 255 255
횟수 OK /==/ 573 531 52 20 / 24 6,28 11,15 7,6 4,19 9,34 8 / 137 41 55,124 0 15,189 208 219,255 255 255,124 0 15,175 197 210
생산종료 /==/ 601 433 84 20 / 6 4,20 7,34 7,50 8,66 7 / 255 255 255,0 0 0,47 51 53,47 51 53,0 0 0
레시피 이전 /==/ 689 433 52 20 / 6 4,12 5,16 8,20 10,23 9,27 7,35 16,40 7 / 254 254 254,11 11 11,173 196 209,38 44 47,0 0 0,189 208 219,41 46 49,46 49 52
전부매각 /==/ 266 103 84 20 / 6 4,15 6,33 9,46 8,52 9,60 7,72 7 / 254 254 254,50 57 62,0 0 0,177 199 212,0 0 0,189 208 219,36 37 39
매각 예정 /==/ 472 105 69 15 / 5 8,6 6,9 6,11 10,11 3,3 6 / 0 0 0,210 217 225,0 0 0,0 0 0,0 0 0,210 217 225
교역소 매각 확인 /==/ 638 440 52 20 / 6 4,12 7,19 8,23 9,25 12,28 7,32 7,39 7 / 255 255 255,34 37 39,34 37 39,41 46 49,158 184 198,48 51 53,189 208 219,48 51 53

판매수량 OK 1번 /==/ 168 321 52 20 / 6 4,19 9,22 9,26 9,28 9 / 255 255 255,124 0 15,165 188 203,171 194 209,124 0 15
판매 확인 /==/ 638 440 52 20 / 6 4,19 9,22 9,26 9,28 9 / 255 255 255,11 11 12,86 96 103,163 188 200,0 0 0
상단 캐릭터 /==/ 541 36 48 22 / 6 5,29 3,30 6,30 10,32 14 / 248 248 248,155 140 40,24 24 24,239 236 166,229 231 231
맵 센터 /==/ 493 180 50 50 / 0 0 / 0 0 0
도시진입 체크 /==/ 453 36 38 22 / 15 17,17 17,19 17 / 255 255 255,255 255 255,255 255 255

항구 앞 /==/ 633 400 38 22 / 7 5,11 12,19 14,26 11,31 11 / 255 255 255,79 79 165,61 61 165,158 227 234,106 227 239

도시맵 /==/ 757 571 10 7 / 4 3,5 3 / 221 56 54,220 56 54
상단바 /==/ 338 4 88 21 / 0 1,0 4 / 241 243 249,241 243 249
대항바 /==/ 31 6 60 14 / 2 6,5 6,8 6,13 6,18 6,22 5,16 1 / 129 131 134,240 243 249,0 0 0,129 131 134,0 0 0,0 0 0,99 100 103

적재화물 1번 /==/ 80 245 48 48 / 10 4,11 7,14 13 / 224 47 31,69 24 14,218 168 113
적재화물 2번 /==/ 136 245 48 48 / 7 9,12 5,16 7 / 187 91 37,97 79 77,254 254 254
적재화물 3번 /==/ 192 245 48 48 / 5 17,16 12,23 20 / 224 212 207,240 227 220,207 163 138

# 통조림
통조림 기계 /==/ 626 349 174 30 / 10 8,14 14,18 19,26 9,35 19,40 8,50 20,64 9,74 20,80 9,90 20 / 255 255 255,255 255 255,255 255 255,255 255 255,255 255 255,255 255 255,255 255 255,255 255 255,255 255 255,255 255 255,255 255 255
버튼 생산 통조림 /==/ 633 376 38 22 / 7 5,17 7,14 17,25 6,24 14 / 247 247 248,235 217 198,208 161 105,226 193 154,194 149 94

# 사그레스 퀘
멘토 /==/ 549 158 32 16 / 2 4,7 5,10 10,24 11,25 5 / 50 52 54,0 0 0,0 0 0,0 0 0,0 0 0
맵 은행 사그레스 /==/ 548 174 18 18 / 8 2,10 2,9 7,8 11,10 13 / 224 203 155,254 246 231,140 105 50,77 84 110,216 185 133
맵 은행 페낭 /==/ 611 118 18 17 / 10 1,5 1,5 7,4 8,9 11,12 11,15 11 / 254 246 231,254 246 231,77 84 110,255 251 235,57 64 84,8 21 56,131 94 46
맵 교역소 페낭 /==/ 562 139 16 16 / 8 2,2 3,13 3,5 13,13 13 / 234 225 114,241 242 111,255 255 114,255 255 150,255 255 147
맵 교회 사그레스 /==/ 544 149 18 18 / 8 7,7 10,6 13,9 13 / 150 185 120,44 62 41,255 255 252,0 0 0
맵 항구 사그레스 /==/ 625 198 16 16 / 7 2,7 6,5 10,8 11,12 11 / 30 25 14,208 185 71,255 240 103,255 242 127,0 0 0
모험가 교관 /==/ 626 349 174 30 / 9 9,18 9,9 14,18 14,14 16,9 19,19 19,34 15,52 13,68 14,79 11,95 14,116 13 / 255 255 255,255 255 255,255 255 255,255 255 255,255 255 255,255 255 255,255 255 255,255 255 255,255 255 255,255 255 255,255 255 255,255 255 255,255 255 255
상인 교관 /==/ 626 349 174 30 / 12 9,9 13,15 13,20 11,24 10,27 8,52 14,63 11,75 14,100 13,34 17,25 18,30 20 / 255 255 255,255 255 255,255 255 255,255 255 255,255 255 255,255 255 255,255 255 255,255 255 255,255 255 255,255 255 255,255 255 255,255 255 255,255 255 255
의뢰 퀘스트 /==/ 633 376 38 22 / 7 5,15 8,20 6,22 5,25 12,20 15 / 247 247 248,236 236 236,226 225 218,166 64 62,199 101 96,199 101 96
알선서 사용 /==/ 61 406 38 22 / 7 5,16 8,21 6,22 6,20 15,26 12 / 247 247 248,236 236 236,152 136 110,130 52 51,199 101 96,206 114 108
의뢰 1x1 /==/ 69 126 48 48 / 14 19,16 18 / 249 247 243,255 255 255
의뢰 1x1 sel /==/ 69 126 48 48 / 14 19,16 18 / 212 207 195,224 216 204
알선서 진행 예 /==/ 341 302 52 20 / 6 4,20 7,23 8,29 9,32 9 / 255 255 255,57 65 70,176 196 210,44 48 51,84 94 101
의뢰 중급 /==/ 221 106 30 15 / 4 1,10 1,7 2,3 4,12 4,2 7,9 7,7 9,2 11,11 11,20 1,20 6,20 11,20 13 / 255 255 255,255 255 255,255 255 255,255 255 255,255 255 255,255 255 255,255 255 255,255 255 255,255 255 255,255 255 255,255 255 255,255 255 255,255 255 255,255 255 255
의뢰 상급 /==/ 221 106 30 15 / 5 1,5 3,1 7,8 6,11 2,11 8,13 4,6 10,6 13,2 12,11 12,22 1,22 6,22 11,22 13 / 255 255 255,255 255 255,255 255 255,255 255 255,255 255 255,255 255 255,255 255 255,255 255 255,255 255 255,255 255 255,255 255 255,255 255 255,255 255 255,255 255 255,255 255 255
의뢰 꿀배송 /==/ 221 106 54 15 / 3 1,8 1,5 3,3 6,10 6,7 7,5 9,9 11,11 13,27 12,47 1,11 3 / 255 255 255,255 255 255,255 255 255,255 255 255,255 255 255,255 255 255,255 255 255,255 255 255,255 255 255,255 255 255,255 255 255,255 255 255
의뢰 인식 /==/ 551 322 24 28 / 18 6,13 10,6 18,3 21 / 51 102 119,255 255 238,187 136 85,238 204 187
의뢰 생태조사 /==/ 551 322 24 28 / 4 9,13 7,15 12,20 13 / 85 68 102,255 255 255,170 153 170,119 238 255
의뢰 확인 /==/ 637 446 52 20 / 6 4,12 7,15 8,19 8,24 8,28 7,32 7,36 7 / 255 255 255,34 37 39,183 203 215,34 37 39,44 48 51,48 51 53,189 208 219,48 51 53
의뢰 스킬 부족 /==/ 341 292 52 20 / 6 4,23 6,27 9,29 11,31 11 / 255 255 255,192 212 220,171 194 208,44 48 51,41 46 49
모험가조합 마스터 /==/ 626 349 174 30 / 11 9,34 13,52 13,67 15,84 11,108 13,123 14,138 20 / 255 255 255,255 255 255,255 255 255,255 255 255,255 255 255,255 255 255,255 255 255,255 255 255
모험가조합 입구 /==/ 626 349 174 30 / 13 9,34 18,52 13,62 19,84 11,98 19,110 20 / 255 255 255,255 255 255,255 255 255,255 255 255,255 255 255,255 255 255,255 255 255
모험가조합 출구 /==/ 626 349 174 30 / 13 8,9 10,16 10,14 11,9 14,18 14,10 16,13 18,18 20,30 20,35 14 / 255 255 255,255 255 255,255 255 255,255 255 255,255 255 255,255 255 255,255 255 255,255 255 255,255 255 255,255 255 255,255 255 255
모험가조합 오케이 /==/ 611 351 52 20 / 6 4,15 6,19 10,31 12,31 9 / 255 255 255,0 0 0,138 164 181,165 188 202,32 35 37
모험가조합 말걸기 /==/ 633 376 38 22 / 10 10,18 7,25 15 / 239 217 188,228 225 207,243 142 102
맵 항구 상업 /==/ 453 212 16 17 / 7 2,7 4,7 9,8 12 / 236 231 152,75 71 53,223 194 55,255 242 127
맵 모험가조합 /==/ 477 176 18 17 / 7 2,7 4,7 9,8 12 / 90 67 38,193 143 93,173 117 54,207 168 122
맵 세비야 광장 /==/ 583 216 16 17 / 7 3,7 8,8 12 / 30 25 14,213 187 65,255 242 127
맵 세비야 서고 /==/ 645 231 18 18 / 1 5,4 5,7 3,10 8,15 7 / 208 201 168,56 30 9,245 243 207,230 234 239,97 56 31
맵 파르네제 /==/ 688 227 13 14 / 6 2,5 4,5 8,6 9 / 102 55 30,207 68 43,215 195 150,56 18 0
항구안내원 /==/ 626 349 174 30 / 12 10,35 14,52 12,66 20,82 20 / 255 255 255,255 255 255,255 255 255,255 255 255,255 255 255
상업지구 /==/ 713 400 38 22 / 7 5,8 12,15 12,30 11 / 249 250 250,238 181 166,241 171 149,116 228 239
광장 /==/ 673 400 38 22 / 13 3,13 6,14 14 / 181 177 149,195 226 231,214 209 174
도시 인식 /==/ 453 36 38 22 / 27 1,27 11,27 20 / 214 17 2,116 239 254,214 17 2
서고 입구 /==/ 626 349 174 30 / 12 12,18 14,29 17,29 9,34 13,35 19,8 19,15 19 / 255 255 255,255 255 255,255 255 255,255 255 255,255 255 255,255 255 255,255 255 255,255 255 255
서고 출구 /==/ 626 349 174 30 / 13 8,9 10,16 10,14 11,9 14,18 14,10 16,13 18,18 20,30 20,35 14 / 255 255 255,255 255 255,255 255 255,255 255 255,255 255 255,255 255 255,255 255 255,255 255 255,255 255 255,255 255 255,255 255 255
주점 주인 /==/ 626 349 174 30 / 9 13,19 13,24 14,34 8,46 8,46 20,58 8,66 17,66 20 / 255 255 255,255 255 255,255 255 255,255 255 255,255 255 255,255 255 255,255 255 255,255 255 255,255 255 255
주점 입구 /==/ 626 349 174 30 / 9 13,19 13,24 14,41 19,57 8,67 14,62 20 / 255 255 255,255 255 255,255 255 255,255 255 255,255 255 255,255 255 255,255 255 255
주점 출구 /==/ 626 349 174 30 / 13 8,9 10,16 10,14 11,9 14,18 14,10 16,13 18,18 20,30 20,35 14 / 255 255 255,255 255 255,255 255 255,255 255 255,255 255 255,255 255 255,255 255 255,255 255 255,255 255 255,255 255 255,255 255 255
주점 오케이 /==/ 611 351 52 20 / 6 4,15 6,19 10,31 12,31 9 / 255 255 255,0 0 0,138 164 181,165 188 202,32 35 37
주점 말걸기 /==/ 633 376 38 22 / 10 10,18 7,25 15 / 239 217 188,228 225 207,243 142 102
맵 주점 말라가 /==/ 434 180 11 18 / 5 2,7 6,6 14 / 46 47 88,255 255 255,237 247 244
맵 항구 말라가 /==/ 415 243 16 17 / 8 2,8 9,7 12 / 237 229 185,71 61 9,255 255 185
퀘스트 달성 /==/ 18 577 99 13 / 1 1,6 5,0 7,6 9,10 10,22 1,42 1,49 0,84 3,92 0 / 128 170 255,128 170 255,128 170 255,128 170 255,128 170 255,128 170 255,128 170 255,128 170 255,128 170 255,128 170 255
맵 항구 에딘버러 /==/ 390 271 16 17 / 8 3,7 8,8 13,3 8,13 7 / 5 4 3,213 187 65,186 158 19,255 252 141,255 229 78
항구관리 /==/ 626 349 174 30 / 10 8,30 20,50 8,66 20 / 255 255 255,255 255 255,255 255 255,255 255 255
항구 오케이 /==/ 611 349 52 20 / 6 4,15 7,20 8,24 8,29 7,34 6 / 255 255 255,48 51 53,173 196 209,0 0 0,0 0 0,37 39 40
항구 말걸기 /==/ 633 376 38 22 / 10 10,18 7,25 15 / 239 217 188,228 225 207,243 142 102
항구로 이동 /==/ 633 376 38 22 / 13 4,13 10,13 16,7 10,20 10,27 11,31 11 / 226 213 159,217 196 99,226 218 176,203 198 174,186 164 64,151 231 239,106 227 239

# 항해
버튼 따라가기 선박 /==/ 633 376 38 22 / 7 5,11 10,14 14,21 15,28 11,30 14 / 247 247 248,231 232 231,214 101 28,152 234 242,237 232 209,219 89 25
보급 /==/ 673 376 38 22 / 12 5,9 8,15 8,9 14,14 14,14 16,9 16 / 135 93 88,120 80 80,120 80 80,197 213 94,195 211 81,203 194 175,203 194 175
기억 보급 /==/ 117 379 148 20 / 11 8,48 8,96 8,103 8 / 176 197 210,0 0 0,32 35 37,171 194 209
보급 확인 /==/ 581 421 52 20 / 32 3,28 7,36 7,32 11,39 4,39 12,28 13,29 16,38 16 / 0 0 0,48 51 53,48 51 53,78 90 98,48 51 53,41 46 49,0 0 0,41 46 49,41 46 49
출항 /==/ 633 376 38 22 / 14 5,22 4,13 9,20 9,13 13,17 16,25 16,27 13 / 198 70 69,156 47 71,237 236 233,237 236 233,102 32 27,235 109 22,227 83 23,192 135 96
출항 2 /==/ 540 415 52 20 / 17 3,12 5,22 5,17 6,13 7,22 7,22 9,13 9,17 10,13 11,23 11,21 13,14 13,12 15,14 16,21 16 / 0 0 0,48 51 53,48 51 53,83 91 96,24 25 26,0 0 0,43 47 50,43 47 50,30 34 36,41 46 49,49 56 61,44 48 51,44 48 51,21 23 24,43 47 50,41 46 49
화재 발생 상단 /==/ 17 556 73 15 / 0 0 / 0 0 0
화재 발생 /==/ 17 576 73 15 / 18 2,22 2,20 6,18 10,22 10,24 2,24 12,27 2,27 12,25 6 / 128 170 255,128 170 255,128 170 255,128 170 255,128 170 255,128 170 255,128 170 255,128 170 255,128 170 255,128 170 255
갑판이 /==/ 17 576 73 15 / 2 1,5 1,6 3,1 7,11 2,11 5,12 4,2 10,6 11,11 10,5 13,8 13 / 128 170 255,128 170 255,128 170 255,128 170 255,128 170 255,128 170 255,128 170 255,128 170 255,128 170 255,128 170 255,128 170 255,128 170 255
쥐가 발생 /==/ 17 576 73 15 / 3 1,7 1,5 3,2 5,8 5,2 8,8 8,5 10,11 2,11 10 / 128 170 255,128 170 255,128 170 255,128 170 255,128 170 255,128 170 255,128 170 255,128 170 255,128 170 255,128 170 255
폭풍이 /==/ 17 576 73 15 / 3 1,10 1,3 4,10 4,7 6,2 7,11 7,4 10,8 10,11 12 / 128 170 255,128 170 255,128 170 255,128 170 255,128 170 255,128 170 255,128 170 255,128 170 255,128 170 255,128 170 255
폭풍이 지나 /==/ 17 576 73 15 / 3 1,10 1,3 4,10 4,7 6,2 7,11 7,4 10,8 10,11 12 / 128 170 255,128 170 255,128 170 255,128 170 255,128 170 255,128 170 255,128 170 255,128 170 255,128 170 255,128 170 255
피로도 /==/ 50 123 100 7 / 0 1,0 4 / 194 255 153,41 49 89
암스 항구 앞 /==/ 633 400 38 22 / 2 6,5 9,9 13,17 12,25 11,31 11 / 154 157 162,136 138 202,84 84 170,79 80 187,169 229 236,106 227 239

# 배틀
불한당 샘플 /==/ 380 140 55 15 / 0 5,2 1,11 13,19 1,27 13,34 1,43 12,51 2,53 12 / 48 118 33,255 255 255,255 255 255,255 255 255,255 255 255,255 255 255,255 255 255,255 255 255,255 255 255
불한당 샘플2 /==/ 489 96 55 15 / 0 5,2 1,11 13,19 1,27 13,34 1,43 12,51 2,53 12 / 48 118 33,255 255 255,255 255 255,255 255 255,255 255 255,255 255 255,255 255 255,255 255 255,255 255 255
퇴물 샘플 낫 /==/ 318 141 79 15 / 0 3,3 2,11 13,18 1,27 13,43 2,51 13,58 1,67 13,75 2,77 12 / 130 117 110,136 121 112,255 255 255,129 115 109,48 118 33,132 117 109,255 255 255,124 112 106,119 107 104,131 116 109,110 101 100
퇴물 샘플 예 /==/ 304 148 79 15 / 0 3,3 2,11 13,18 1,27 13,43 2,51 13,58 1,67 13,75 2,77 12 / 48 118 33,255 255 255,255 255 255,255 255 255,255 255 255,48 118 33,255 255 255,255 255 255,255 255 255,255 255 255,255 255 255
소형 해적선A /==/ 625 348 176 32 / 15 10,20 20,27 9,34 21,51 10,59 21,66 9,75 21,85 9,91 21,99 10,101 20 / 255 255 255,255 255 255,255 255 255,255 255 255,255 255 255,255 255 255,255 255 255,255 255 255,255 255 255,255 255 255,255 255 255,255 255 255
불한당A /==/ 625 348 176 32 / 10 9,19 21,27 9,35 21,42 9,51 20,59 10,61 20 / 255 255 255,255 255 255,255 255 255,255 255 255,255 255 255,255 255 255,255 255 255,255 255 255
토박이 해적A /==/ 625 348 176 32 / 11 10,20 20,25 9,35 21,43 10,51 21,75 21,82 9,91 21,99 10,101 20,67 10 / 255 255 255,255 255 255,255 255 255,255 255 255,255 255 255,255 255 255,255 255 255,255 255 255,255 255 255,255 255 255,255 255 255,255 255 255
사략선A /==/ 625 348 176 32 / 13 10,19 21,25 9,35 21,45 9,51 21,59 11,61 20 / 255 255 255,255 255 255,255 255 255,255 255 255,255 255 255,255 255 255,255 255 255,255 255 255
해군 퇴물A /==/ 625 348 176 32 / 11 10,19 21,26 9,35 21,51 10,59 21,66 10,75 21,83 10,85 20 / 255 255 255,255 255 255,255 255 255,255 255 255,255 255 255,255 255 255,255 255 255,255 255 255,255 255 255,255 255 255
방랑 해적단 /==/ 625 348 176 32 / 9 9,19 20,25 9,35 20,51 10,59 21,66 9,75 21,82 9,91 21 / 255 255 255,255 255 255,255 255 255,255 255 255,255 255 255,255 255 255,255 255 255,255 255 255,255 255 255,255 255 255

교전 /==/ 633 376 38 22 / 7 5,8 15,26 3,11 3,29 15 / 247 247 248,238 174 133,212 216 218,221 224 226,238 174 133
교전에 /==/ 98 497 43 13 / 0 11,1 1,11 11,17 0,26 12,33 1,42 12 / 128 170 255,128 170 255,128 170 255,128 170 255,128 170 255,128 170 255,128 170 255
범위에 없습 /==/ 114 557 140 13 / 0 1,10 12,17 0,25 12,114 0,121 8,123 12,129 3,134 0,139 3,138 11 / 128 170 255,128 170 255,128 170 255,128 170 255,128 170 255,128 170 255,128 170 255,128 170 255,128 170 255,128 170 255,128 170 255
승리했 /==/ 114 497 44 13 / 0 6,6 0,10 11,16 1,26 12,33 0,43 12 / 128 170 255,128 170 255,128 170 255,128 170 255,128 170 255,128 170 255,128 170 255
현재 격파수는 /==/ 354 577 100 13 / 2 0,10 12,17 1,26 12,40 0,50 12,56 1,66 12,78 0,78 12,89 0,98 12 / 128 170 255,128 170 255,128 170 255,128 170 255,128 170 255,128 170 255,128 170 255,128 170 255,128 170 255,128 170 255,128 170 255,128 170 255
격파슷자 /==/ 464 577 30 13 / 2 1,2 5,6 5,7 6,7 10,6 11,3 11,2 9,7 1 / 128 170 255,128 170 255,128 170 255,128 170 255,128 170 255,128 170 255,128 170 255,128 170 255,128 170 255

강적이 기습할 때를 /==/ 18 517 43 13 / 0 0,10 11,17 0,26 12,34 1,42 12 / 128 170 255,128 170 255,128 170 255,128 170 255,128 170 255,128 170 255
강한 적이 도전 /==/ 18 537 51 13 / 0 0,10 11,18 0,26 12,41 0,50 12 / 128 170 255,128 170 255,128 170 255,128 170 255,128 170 255,128 170 255

강적을 격퇴 /==/ 18 517 83 13 / 0 0,10 11,17 0,26 12,34 0,42 12,56 0,66 12,74 1,82 12 / 128 170 255,128 170 255,128 170 255,128 170 255,128 170 255,128 170 255,128 170 255,128 170 255,128 170 255,128 170 255
해전상대타겟팅 /==/ 660 376 18 16 / 5 3,10 2,3 7,9 7,15 7,7 13,12 13 / 213 17 13,225 2 0,237 253 220,254 254 243,255 255 255,212 77 0,223 53 0

다랑어 올리브 스테이크를 /==/ 18 497 299 13 / 0 10,17 11,32 9,57 11,72 10,88 11,112 11,128 10,144 9,160 11,177 11,200 11,217 11,232 6,249 11,264 10,280 10 / 128 170 255,128 170 255,128 170 255,128 170 255,128 170 255,128 170 255,128 170 255,128 170 255,128 170 255,128 170 255,128 170 255,128 170 255,128 170 255,128 170 255,128 170 255,128 170 255,128 170 255
쥐가 대량 발생 /==/ 18 577 299 13 / 0 7,16 11,40 10,57 11,81 11,97 11,113 12,129 11,144 10,160 10,178 1 / 128 170 255,128 170 255,128 170 255,128 170 255,128 170 255,128 170 255,128 170 255,128 170 255,128 170 255,128 170 255,128 170 255
경계스킬을 사용 /==/ 18 557 230 13 / 0 6,16 11,32 11,49 8,64 5,88 11,104 6 / 128 170 255,128 170 255,128 170 255,128 170 255,128 170 255,128 170 255,128 170 255
감시스킬을 사용 /==/ 18 577 230 13 / 12 3,23 11,32 11,48 6,64 5,88 11,104 6 / 128 170 255,128 170 255,128 170 255,128 170 255,128 170 255,128 170 255,128 170 255
측량 스킬을 사용 /==/ 18 557 299 13 / 0 7,17 11,32 11,49 11,65 11,88 11,105 11,121 12,137 11,152 10,168 10 / 128 170 255,128 170 255,128 170 255,128 170 255,128 170 255,128 170 255,128 170 255,128 170 255,128 170 255,128 170 255,128 170 255
갑판이 더러워 /==/ 18 557 230 13 / 0 6,16 7,32 6,62 5,73 6,95 9,112 4,126 0,143 11,164 5 / 128 170 255,128 170 255,128 170 255,128 170 255,128 170 255,128 170 255,128 170 255,128 170 255,128 170 255,128 170 255
넵투누스상을 사용 /==/ 18 537 299 13 / 1 11,16 8,32 7,48 11,65 11,81 11,104 11,121 11 / 128 170 255,128 170 255,128 170 255,128 170 255,128 170 255,128 170 255,128 170 255,128 170 255
